name,date
EPI_ISL_213399,2016-01-26
EPI_ISL_213398,2016-01-26
EPI_ISL_214969,2016-01-26
EPI_ISL_214980,2016-01-26
EPI_ISL_215058,2016-01-26
EPI_ISL_216143,2016-01-26
EPI_ISL_216151,2016-01-26
EPI_ISL_216322,2016-01-26
EPI_ISL_216321,2016-01-26
EPI_ISL_216327,2016-01-26
EPI_ISL_216907,2016-01-26
EPI_ISL_283585,2016-01-26
EPI_ISL_218075,2016-01-26
EPI_ISL_218076,2016-01-26
EPI_ISL_219638,2016-01-26
EPI_ISL_286221,2016-01-26
EPI_ISL_286222,2016-01-26
EPI_ISL_286224,2016-01-26
EPI_ISL_221333,2016-01-26
EPI_ISL_221510,2016-01-26
EPI_ISL_221508,2016-01-26
EPI_ISL_221534,2016-01-26
EPI_ISL_221533,2016-01-26
EPI_ISL_221536,2016-01-26
EPI_ISL_287187,2016-01-26
EPI_ISL_222778,2016-01-26
EPI_ISL_223210,2016-01-26
EPI_ISL_18803102,2016-01-26
EPI_ISL_223797,2016-01-26
EPI_ISL_223959,2016-01-26
EPI_ISL_223960,2016-01-26
EPI_ISL_224673,2016-01-26
EPI_ISL_224819,2016-01-26
EPI_ISL_224823,2016-01-26
EPI_ISL_224822,2016-01-26
EPI_ISL_224826,2016-01-26
EPI_ISL_224824,2016-01-26
EPI_ISL_224831,2016-01-26
EPI_ISL_224834,2016-01-26
EPI_ISL_224833,2016-01-26
EPI_ISL_224836,2016-01-26
EPI_ISL_224857,2016-01-26
EPI_ISL_230653,2016-01-27
EPI_ISL_230661,2016-01-27
EPI_ISL_230660,2016-01-27
EPI_ISL_230702,2016-01-27
EPI_ISL_230701,2016-01-27
EPI_ISL_395377,2016-01-27
EPI_ISL_232071,2016-01-27
EPI_ISL_232074,2016-01-27
EPI_ISL_232073,2016-01-27
EPI_ISL_232078,2016-01-27
EPI_ISL_232077,2016-01-27
EPI_ISL_232076,2016-01-27
EPI_ISL_232184,2016-01-27
EPI_ISL_232386,2016-01-27
EPI_ISL_232415,2016-01-27
EPI_ISL_232414,2016-01-27
EPI_ISL_232417,2016-01-27
EPI_ISL_232416,2016-01-27
EPI_ISL_232653,2016-01-27
EPI_ISL_233942,2016-01-27
EPI_ISL_233950,2016-01-27
EPI_ISL_233979,2016-01-27
EPI_ISL_237498,2016-01-27
EPI_ISL_304066,2016-01-27
EPI_ISL_502997,2016-01-27
EPI_ISL_241163,2016-01-27
EPI_ISL_241171,2016-01-27
EPI_ISL_241183,2016-01-27
EPI_ISL_241181,2016-01-27
EPI_ISL_211995,2016-01-27
EPI_ISL_212280,2016-01-27
EPI_ISL_213135,2016-01-27
EPI_ISL_213136,2016-01-27
EPI_ISL_213189,2016-01-27
EPI_ISL_213194,2016-01-27
EPI_ISL_214170,2016-01-27
EPI_ISL_214169,2016-01-27
EPI_ISL_214208,2016-01-27
EPI_ISL_214234,2016-01-27
EPI_ISL_214895,2016-01-27
EPI_ISL_216144,2016-01-27
EPI_ISL_216197,2016-01-27
EPI_ISL_216219,2016-01-27
EPI_ISL_216223,2016-01-27
EPI_ISL_216221,2016-01-27
EPI_ISL_216225,2016-01-27
EPI_ISL_216224,2016-01-27
EPI_ISL_216323,2016-01-27
EPI_ISL_216884,2016-01-27
EPI_ISL_216906,2016-01-27
EPI_ISL_216997,2016-01-27
EPI_ISL_218187,2016-01-27
EPI_ISL_218186,2016-01-27
EPI_ISL_19847545,2016-01-27
EPI_ISL_219611,2016-01-27
EPI_ISL_219610,2016-01-27
EPI_ISL_219609,2016-01-27
EPI_ISL_219608,2016-01-27
EPI_ISL_221013,2016-01-27
EPI_ISL_221012,2016-01-27
EPI_ISL_221046,2016-01-27
EPI_ISL_221511,2016-01-27
EPI_ISL_221535,2016-01-27
EPI_ISL_221812,2016-01-27
EPI_ISL_222197,2016-01-27
EPI_ISL_256318,2016-01-27
EPI_ISL_256317,2016-01-27
EPI_ISL_224143,2016-01-27
EPI_ISL_224147,2016-01-27
EPI_ISL_224330,2016-01-27
EPI_ISL_224329,2016-01-27
EPI_ISL_224333,2016-01-27
EPI_ISL_224332,2016-01-27
EPI_ISL_224825,2016-01-27
EPI_ISL_224828,2016-01-27
EPI_ISL_224846,2016-01-27
EPI_ISL_226975,2016-01-27
EPI_ISL_260151,2016-01-27
EPI_ISL_293440,2016-01-27
EPI_ISL_230642,2016-01-28
EPI_ISL_230656,2016-01-28
EPI_ISL_230683,2016-01-28
EPI_ISL_263463,2016-01-28
EPI_ISL_263474,2016-01-28
EPI_ISL_231569,2016-01-28
EPI_ISL_231568,2016-01-28
EPI_ISL_232419,2016-01-28
EPI_ISL_232418,2016-01-28
EPI_ISL_232641,2016-01-28
EPI_ISL_232647,2016-01-28
EPI_ISL_232650,2016-01-28
EPI_ISL_232900,2016-01-28
EPI_ISL_233540,2016-01-28
EPI_ISL_233947,2016-01-28
EPI_ISL_235547,2016-01-28
EPI_ISL_235569,2016-01-28
EPI_ISL_502095,2016-01-28
EPI_ISL_502100,2016-01-28
EPI_ISL_502099,2016-01-28
EPI_ISL_502097,2016-01-28
EPI_ISL_502096,2016-01-28
EPI_ISL_241170,2016-01-28
EPI_ISL_241169,2016-01-28
EPI_ISL_241175,2016-01-28
EPI_ISL_241172,2016-01-28
EPI_ISL_241184,2016-01-28
EPI_ISL_241229,2016-01-28
EPI_ISL_276041,2016-01-28
EPI_ISL_212069,2016-01-28
EPI_ISL_278030,2016-01-28
EPI_ISL_213272,2016-01-28
EPI_ISL_213400,2016-01-28
EPI_ISL_213405,2016-01-28
EPI_ISL_213404,2016-01-28
EPI_ISL_213844,2016-01-28
EPI_ISL_214193,2016-01-28
EPI_ISL_215069,2016-01-28
EPI_ISL_216220,2016-01-28
EPI_ISL_216886,2016-01-28
EPI_ISL_216901,2016-01-28
EPI_ISL_216908,2016-01-28
EPI_ISL_218150,2016-01-28
EPI_ISL_218166,2016-01-28
EPI_ISL_251382,2016-01-28
EPI_ISL_286228,2016-01-28
EPI_ISL_286226,2016-01-28
EPI_ISL_286227,2016-01-28
EPI_ISL_220983,2016-01-28
EPI_ISL_253754,2016-01-28
EPI_ISL_220991,2016-01-28
EPI_ISL_253761,2016-01-28
EPI_ISL_221015,2016-01-28
EPI_ISL_221014,2016-01-28
EPI_ISL_221517,2016-01-28
EPI_ISL_221525,2016-01-28
EPI_ISL_223303,2016-01-28
EPI_ISL_18803103,2016-01-28
EPI_ISL_223962,2016-01-28
EPI_ISL_223961,2016-01-28
EPI_ISL_223980,2016-01-28
EPI_ISL_224148,2016-01-28
EPI_ISL_224204,2016-01-28
EPI_ISL_224655,2016-01-28
EPI_ISL_224779,2016-01-28
EPI_ISL_224786,2016-01-28
EPI_ISL_224827,2016-01-28
EPI_ISL_224830,2016-01-28
EPI_ISL_224829,2016-01-28
EPI_ISL_224835,2016-01-28
EPI_ISL_224832,2016-01-28
EPI_ISL_224838,2016-01-28
EPI_ISL_224855,2016-01-28
EPI_ISL_226976,2016-01-28
EPI_ISL_230450,2016-01-29
EPI_ISL_230492,2016-01-29
EPI_ISL_230645,2016-01-29
EPI_ISL_230678,2016-01-29
EPI_ISL_231570,2016-01-29
EPI_ISL_232190,2016-01-29
EPI_ISL_232192,2016-01-29
EPI_ISL_232381,2016-01-29
EPI_ISL_233498,2016-01-29
EPI_ISL_233996,2016-01-29
EPI_ISL_234009,2016-01-29
EPI_ISL_234030,2016-01-29
EPI_ISL_235187,2016-01-29
EPI_ISL_271456,2016-01-29
EPI_ISL_271476,2016-01-29
EPI_ISL_271475,2016-01-29
EPI_ISL_15083911,2016-01-29
EPI_ISL_241164,2016-01-29
EPI_ISL_241174,2016-01-29
EPI_ISL_241179,2016-01-29
EPI_ISL_209028,2016-01-29
EPI_ISL_212107,2016-01-29
EPI_ISL_212106,2016-01-29
EPI_ISL_212110,2016-01-29
EPI_ISL_212631,2016-01-29
EPI_ISL_212658,2016-01-29
EPI_ISL_212694,2016-01-29
EPI_ISL_213264,2016-01-29
EPI_ISL_213406,2016-01-29
EPI_ISL_213410,2016-01-29
EPI_ISL_213409,2016-01-29
EPI_ISL_213408,2016-01-29
EPI_ISL_214212,2016-01-29
EPI_ISL_214347,2016-01-29
EPI_ISL_214346,2016-01-29
EPI_ISL_214903,2016-01-29
EPI_ISL_215756,2016-01-29
EPI_ISL_216326,2016-01-29
EPI_ISL_216888,2016-01-29
EPI_ISL_216900,2016-01-29
EPI_ISL_381047,2016-01-29
EPI_ISL_283580,2016-01-29
EPI_ISL_218188,2016-01-29
EPI_ISL_219862,2016-01-29
EPI_ISL_220995,2016-01-29
EPI_ISL_220994,2016-01-29
EPI_ISL_253764,2016-01-29
EPI_ISL_253781,2016-01-29
EPI_ISL_221016,2016-01-29
EPI_ISL_221519,2016-01-29
EPI_ISL_221518,2016-01-29
EPI_ISL_221531,2016-01-29
EPI_ISL_221814,2016-01-29
EPI_ISL_221813,2016-01-29
EPI_ISL_223491,2016-01-29
EPI_ISL_256377,2016-01-29
EPI_ISL_223775,2016-01-29
EPI_ISL_223835,2016-01-29
EPI_ISL_224284,2016-01-29
EPI_ISL_224335,2016-01-29
EPI_ISL_224334,2016-01-29
EPI_ISL_224336,2016-01-29
EPI_ISL_224839,2016-01-29
EPI_ISL_224842,2016-01-29
EPI_ISL_224840,2016-01-29
EPI_ISL_224847,2016-01-29
EPI_ISL_224844,2016-01-29
EPI_ISL_225470,2016-01-29
EPI_ISL_19790009,2016-01-29
EPI_ISL_327847,2016-01-30
EPI_ISL_327846,2016-01-30
EPI_ISL_230136,2016-01-30
EPI_ISL_232421,2016-01-30
EPI_ISL_232420,2016-01-30
EPI_ISL_232652,2016-01-30
EPI_ISL_232705,2016-01-30
EPI_ISL_233741,2016-01-30
EPI_ISL_233750,2016-01-30
EPI_ISL_273523,2016-01-30
EPI_ISL_213275,2016-01-30
EPI_ISL_213273,2016-01-30
EPI_ISL_213280,2016-01-30
EPI_ISL_213407,2016-01-30
EPI_ISL_213411,2016-01-30
EPI_ISL_214187,2016-01-30
EPI_ISL_214232,2016-01-30
EPI_ISL_214898,2016-01-30
EPI_ISL_216169,2016-01-30
EPI_ISL_251381,2016-01-30
EPI_ISL_219723,2016-01-30
EPI_ISL_221250,2016-01-30
EPI_ISL_221249,2016-01-30
EPI_ISL_222189,2016-01-30
EPI_ISL_222758,2016-01-30
EPI_ISL_222825,2016-01-30
EPI_ISL_223963,2016-01-30
EPI_ISL_223964,2016-01-30
EPI_ISL_223981,2016-01-30
EPI_ISL_224843,2016-01-30
EPI_ISL_224841,2016-01-30
EPI_ISL_224845,2016-01-30
EPI_ISL_260152,2016-01-30
EPI_ISL_227403,2016-01-30
EPI_ISL_227402,2016-01-30
EPI_ISL_227407,2016-01-30
EPI_ISL_227626,2016-01-30
EPI_ISL_230479,2016-01-31
EPI_ISL_230480,2016-01-31
EPI_ISL_230644,2016-01-31
EPI_ISL_230669,2016-01-31
EPI_ISL_232439,2016-01-31
EPI_ISL_211996,2016-01-31
EPI_ISL_212298,2016-01-31
EPI_ISL_213259,2016-01-31
EPI_ISL_213260,2016-01-31
EPI_ISL_213412,2016-01-31
EPI_ISL_213417,2016-01-31
EPI_ISL_214190,2016-01-31
EPI_ISL_214231,2016-01-31
EPI_ISL_214974,2016-01-31
EPI_ISL_216940,2016-01-31
EPI_ISL_251650,2016-01-31
EPI_ISL_218891,2016-01-31
EPI_ISL_219863,2016-01-31
EPI_ISL_222794,2016-01-31
EPI_ISL_223211,2016-01-31
EPI_ISL_223923,2016-01-31
EPI_ISL_223965,2016-01-31
EPI_ISL_224837,2016-01-31
EPI_ISL_227358,2016-01-31
EPI_ISL_230458,2016-02-01
EPI_ISL_230518,2016-02-01
EPI_ISL_230655,2016-02-01
EPI_ISL_395368,2016-02-01
EPI_ISL_231559,2016-02-01
EPI_ISL_231560,2016-02-01
EPI_ISL_232187,2016-02-01
EPI_ISL_232429,2016-02-01
EPI_ISL_232450,2016-02-01
EPI_ISL_232883,2016-02-01
EPI_ISL_232896,2016-02-01
EPI_ISL_233495,2016-02-01
EPI_ISL_233749,2016-02-01
EPI_ISL_233949,2016-02-01
EPI_ISL_233980,2016-02-01
EPI_ISL_234019,2016-02-01
EPI_ISL_13046500,2016-02-01
EPI_ISL_235551,2016-02-01
EPI_ISL_236832,2016-02-01
EPI_ISL_237670,2016-02-01
EPI_ISL_304068,2016-02-01
EPI_ISL_304069,2016-02-01
EPI_ISL_304065,2016-02-01
EPI_ISL_238749,2016-02-01
EPI_ISL_239813,2016-02-01
EPI_ISL_239816,2016-02-01
EPI_ISL_239845,2016-02-01
EPI_ISL_502103,2016-02-01
EPI_ISL_241173,2016-02-01
EPI_ISL_241178,2016-02-01
EPI_ISL_241177,2016-02-01
EPI_ISL_241180,2016-02-01
EPI_ISL_241187,2016-02-01
EPI_ISL_241185,2016-02-01
EPI_ISL_241191,2016-02-01
EPI_ISL_241190,2016-02-01
EPI_ISL_241189,2016-02-01
EPI_ISL_241188,2016-02-01
EPI_ISL_700749,2016-02-01
EPI_ISL_308827,2016-02-01
EPI_ISL_308852,2016-02-01
EPI_ISL_211997,2016-02-01
EPI_ISL_244770,2016-02-01
EPI_ISL_244768,2016-02-01
EPI_ISL_212111,2016-02-01
EPI_ISL_212109,2016-02-01
EPI_ISL_212112,2016-02-01
EPI_ISL_212300,2016-02-01
EPI_ISL_213195,2016-02-01
EPI_ISL_213197,2016-02-01
EPI_ISL_213196,2016-02-01
EPI_ISL_18760190,2016-02-01
EPI_ISL_213276,2016-02-01
EPI_ISL_213414,2016-02-01
EPI_ISL_213413,2016-02-01
EPI_ISL_214215,2016-02-01
EPI_ISL_214213,2016-02-01
EPI_ISL_214890,2016-02-01
EPI_ISL_214945,2016-02-01
EPI_ISL_214973,2016-02-01
EPI_ISL_214991,2016-02-01
EPI_ISL_215059,2016-02-01
EPI_ISL_215726,2016-02-01
EPI_ISL_216193,2016-02-01
EPI_ISL_216192,2016-02-01
EPI_ISL_216325,2016-02-01
EPI_ISL_216324,2016-02-01
EPI_ISL_216331,2016-02-01
EPI_ISL_216330,2016-02-01
EPI_ISL_216329,2016-02-01
EPI_ISL_216328,2016-02-01
EPI_ISL_216333,2016-02-01
EPI_ISL_216421,2016-02-01
EPI_ISL_216913,2016-02-01
EPI_ISL_381046,2016-02-01
