name,date
EPI_ISL_18776586,2022-09-12
EPI_ISL_18810124,2022-09-12
EPI_ISL_18810120,2022-09-12
EPI_ISL_18810119,2022-09-12
EPI_ISL_18810118,2022-09-12
EPI_ISL_18810117,2022-09-12
EPI_ISL_19825840,2022-09-12
EPI_ISL_15928254,2022-09-12
EPI_ISL_15928371,2022-09-12
EPI_ISL_15928354,2022-09-12
EPI_ISL_15928360,2022-09-12
EPI_ISL_15929617,2022-09-12
EPI_ISL_16093964,2022-09-12
EPI_ISL_16093961,2022-09-12
EPI_ISL_16093960,2022-09-12
EPI_ISL_15210580,2022-09-12
EPI_ISL_15081664,2022-09-12
EPI_ISL_15081665,2022-09-12
EPI_ISL_17244492,2022-09-12
EPI_ISL_15081643,2022-09-12
EPI_ISL_15081663,2022-09-12
EPI_ISL_16854273,2022-09-12
EPI_ISL_16755869,2022-09-12
EPI_ISL_15969641,2022-09-12
EPI_ISL_15969619,2022-09-12
EPI_ISL_15969618,2022-09-12
EPI_ISL_15969623,2022-09-12
EPI_ISL_15969621,2022-09-12
EPI_ISL_15937244,2022-09-12
EPI_ISL_19739017,2022-09-12
EPI_ISL_19738688,2022-09-12
EPI_ISL_15938139,2022-09-12
EPI_ISL_15447127,2022-09-12
EPI_ISL_15447095,2022-09-12
EPI_ISL_15807507,2022-09-12
EPI_ISL_15807508,2022-09-12
EPI_ISL_15807490,2022-09-12
EPI_ISL_16922266,2022-09-12
EPI_ISL_17152473,2022-09-12
EPI_ISL_15647975,2022-09-12
EPI_ISL_18007327,2022-09-12
EPI_ISL_18728177,2022-09-12
EPI_ISL_16894969,2022-09-12
EPI_ISL_15683238,2022-09-12
EPI_ISL_16899218,2022-09-12
EPI_ISL_17063689,2022-09-12
EPI_ISL_17063690,2022-09-12
EPI_ISL_17063743,2022-09-12
EPI_ISL_16868613,2022-09-12
EPI_ISL_15426954,2022-09-12
EPI_ISL_15426896,2022-09-12
EPI_ISL_16836330,2022-09-12
EPI_ISL_16837172,2022-09-12
EPI_ISL_15690791,2022-09-12
EPI_ISL_19460930,2022-09-12
EPI_ISL_16479572,2022-09-12
EPI_ISL_19790463,2022-09-12
EPI_ISL_19790465,2022-09-12
EPI_ISL_18775952,2022-09-12
EPI_ISL_18775995,2022-09-12
EPI_ISL_18775970,2022-09-12
EPI_ISL_18810122,2022-09-13
EPI_ISL_18810121,2022-09-13
EPI_ISL_16093962,2022-09-13
EPI_ISL_15081677,2022-09-13
EPI_ISL_15081675,2022-09-13
EPI_ISL_15081654,2022-09-13
EPI_ISL_15081655,2022-09-13
EPI_ISL_15081652,2022-09-13
EPI_ISL_15081653,2022-09-13
EPI_ISL_15081651,2022-09-13
EPI_ISL_15081649,2022-09-13
EPI_ISL_15081656,2022-09-13
EPI_ISL_15081657,2022-09-13
EPI_ISL_19898792,2022-09-13
EPI_ISL_16198128,2022-09-13
EPI_ISL_16198143,2022-09-13
EPI_ISL_15215325,2022-09-13
EPI_ISL_16854274,2022-09-13
EPI_ISL_16854305,2022-09-13
EPI_ISL_15969699,2022-09-13
EPI_ISL_15969702,2022-09-13
EPI_ISL_15969701,2022-09-13
EPI_ISL_15969700,2022-09-13
EPI_ISL_15969705,2022-09-13
EPI_ISL_15969681,2022-09-13
EPI_ISL_15969661,2022-09-13
EPI_ISL_15969620,2022-09-13
EPI_ISL_16199716,2022-09-13
EPI_ISL_16003514,2022-09-13
EPI_ISL_15938104,2022-09-13
EPI_ISL_15447087,2022-09-13
EPI_ISL_15447089,2022-09-13
EPI_ISL_15447092,2022-09-13
EPI_ISL_16922237,2022-09-13
EPI_ISL_16465201,2022-09-13
EPI_ISL_15646605,2022-09-13
EPI_ISL_15646620,2022-09-13
EPI_ISL_15714992,2022-09-13
EPI_ISL_15387277,2022-09-13
EPI_ISL_15388047,2022-09-13
EPI_ISL_17125449,2022-09-13
EPI_ISL_16311707,2022-09-13
EPI_ISL_15724422,2022-09-13
EPI_ISL_15724420,2022-09-13
EPI_ISL_15724445,2022-09-13
EPI_ISL_19460908,2022-09-13
EPI_ISL_16479571,2022-09-13
EPI_ISL_16479573,2022-09-13
EPI_ISL_19790467,2022-09-13
EPI_ISL_16448749,2022-09-13
EPI_ISL_16613667,2022-09-14
EPI_ISL_16024313,2022-09-14
EPI_ISL_16024303,2022-09-14
EPI_ISL_18810128,2022-09-14
EPI_ISL_18810127,2022-09-14
EPI_ISL_18810126,2022-09-14
EPI_ISL_17368111,2022-09-14
EPI_ISL_17368110,2022-09-14
EPI_ISL_15992161,2022-09-14
EPI_ISL_15602102,2022-09-14
EPI_ISL_16093965,2022-09-14
EPI_ISL_16520259,2022-09-14
EPI_ISL_16520214,2022-09-14
EPI_ISL_17634375,2022-09-14
EPI_ISL_17634369,2022-09-14
EPI_ISL_15210599,2022-09-14
EPI_ISL_15210608,2022-09-14
EPI_ISL_15081647,2022-09-14
EPI_ISL_15081644,2022-09-14
EPI_ISL_15081650,2022-09-14
EPI_ISL_15081658,2022-09-14
EPI_ISL_17081181,2022-09-14
EPI_ISL_17080943,2022-09-14
EPI_ISL_18130598,2022-09-14
EPI_ISL_18130599,2022-09-14
EPI_ISL_15740733,2022-09-14
EPI_ISL_16003510,2022-09-14
EPI_ISL_15938132,2022-09-14
EPI_ISL_18658223,2022-09-14
EPI_ISL_15938110,2022-09-14
EPI_ISL_15447124,2022-09-14
EPI_ISL_15807491,2022-09-14
EPI_ISL_17545261,2022-09-14
EPI_ISL_16465222,2022-09-14
EPI_ISL_18366322,2022-09-14
EPI_ISL_18760011,2022-09-14
EPI_ISL_18760009,2022-09-14
EPI_ISL_16761593,2022-09-14
EPI_ISL_15714980,2022-09-14
EPI_ISL_15714979,2022-09-14
EPI_ISL_16894963,2022-09-14
EPI_ISL_15683236,2022-09-14
EPI_ISL_16043979,2022-09-14
EPI_ISL_17125460,2022-09-14
EPI_ISL_17125459,2022-09-14
EPI_ISL_18931176,2022-09-14
EPI_ISL_15785838,2022-09-14
EPI_ISL_17064391,2022-09-14
EPI_ISL_15689347,2022-09-14
EPI_ISL_16836121,2022-09-14
EPI_ISL_19162734,2022-09-14
EPI_ISL_15656894,2022-09-14
EPI_ISL_16837175,2022-09-14
EPI_ISL_19460386,2022-09-14
EPI_ISL_19790828,2022-09-14
EPI_ISL_19790830,2022-09-14
EPI_ISL_16448760,2022-09-14
EPI_ISL_17694157,2022-09-14
EPI_ISL_16157679,2022-09-15
EPI_ISL_17403964,2022-09-15
EPI_ISL_16717089,2022-09-15
EPI_ISL_16750988,2022-09-15
EPI_ISL_15081645,2022-09-15
EPI_ISL_15081648,2022-09-15
EPI_ISL_15081660,2022-09-15
EPI_ISL_15081661,2022-09-15
EPI_ISL_15999257,2022-09-15
EPI_ISL_16198131,2022-09-15
EPI_ISL_16854275,2022-09-15
EPI_ISL_15969719,2022-09-15
EPI_ISL_15969718,2022-09-15
EPI_ISL_15969706,2022-09-15
EPI_ISL_18789225,2022-09-15
EPI_ISL_18789219,2022-09-15
EPI_ISL_18788959,2022-09-15
EPI_ISL_15447197,2022-09-15
EPI_ISL_15447122,2022-09-15
EPI_ISL_15714991,2022-09-15
EPI_ISL_15683249,2022-09-15
EPI_ISL_17125457,2022-09-15
EPI_ISL_17125458,2022-09-15
EPI_ISL_18011077,2022-09-15
EPI_ISL_16899253,2022-09-15
EPI_ISL_16311714,2022-09-15
EPI_ISL_15689348,2022-09-15
EPI_ISL_15656892,2022-09-15
EPI_ISL_15724430,2022-09-15
EPI_ISL_15724435,2022-09-15
EPI_ISL_19460573,2022-09-15
EPI_ISL_19460982,2022-09-15
EPI_ISL_16479574,2022-09-15
EPI_ISL_17102396,2022-09-15
EPI_ISL_15726915,2022-09-15
EPI_ISL_17694160,2022-09-15
EPI_ISL_15928252,2022-09-16
EPI_ISL_16157560,2022-09-16
EPI_ISL_15928376,2022-09-16
EPI_ISL_15929483,2022-09-16
EPI_ISL_15929630,2022-09-16
EPI_ISL_15081666,2022-09-16
EPI_ISL_15081667,2022-09-16
EPI_ISL_15081681,2022-09-16
EPI_ISL_16198134,2022-09-16
EPI_ISL_16198163,2022-09-16
EPI_ISL_16198162,2022-09-16
EPI_ISL_15969715,2022-09-16
EPI_ISL_15969712,2022-09-16
EPI_ISL_15969717,2022-09-16
EPI_ISL_15969716,2022-09-16
EPI_ISL_15969721,2022-09-16
EPI_ISL_15969720,2022-09-16
EPI_ISL_15969707,2022-09-16
EPI_ISL_15969711,2022-09-16
EPI_ISL_15969710,2022-09-16
EPI_ISL_15740755,2022-09-16
EPI_ISL_15740731,2022-09-16
EPI_ISL_19738974,2022-09-16
EPI_ISL_15447025,2022-09-16
EPI_ISL_18788986,2022-09-16
EPI_ISL_15447119,2022-09-16
EPI_ISL_15447116,2022-09-16
EPI_ISL_15807527,2022-09-16
EPI_ISL_15807510,2022-09-16
EPI_ISL_15807497,2022-09-16
EPI_ISL_15807496,2022-09-16
EPI_ISL_15807499,2022-09-16
EPI_ISL_15807498,2022-09-16
EPI_ISL_16825369,2022-09-16
EPI_ISL_16433747,2022-09-16
EPI_ISL_15683246,2022-09-16
EPI_ISL_17719211,2022-09-16
EPI_ISL_17719209,2022-09-16
EPI_ISL_17785398,2022-09-16
EPI_ISL_16311712,2022-09-16
EPI_ISL_16311708,2022-09-16
EPI_ISL_16837115,2022-09-16
EPI_ISL_16837167,2022-09-16
EPI_ISL_15724425,2022-09-16
EPI_ISL_15724424,2022-09-16
EPI_ISL_15724433,2022-09-16
EPI_ISL_15724383,2022-09-16
EPI_ISL_19790565,2022-09-16
EPI_ISL_16384367,2022-09-17
EPI_ISL_16613665,2022-09-17
EPI_ISL_16613664,2022-09-17
EPI_ISL_16613666,2022-09-17
EPI_ISL_16613661,2022-09-17
EPI_ISL_16613660,2022-09-17
EPI_ISL_16613663,2022-09-17
EPI_ISL_16613662,2022-09-17
EPI_ISL_16613659,2022-09-17
EPI_ISL_15928391,2022-09-17
EPI_ISL_15928370,2022-09-17
EPI_ISL_15929608,2022-09-17
EPI_ISL_19898793,2022-09-17
EPI_ISL_15215327,2022-09-17
EPI_ISL_16003505,2022-09-17
EPI_ISL_16003477,2022-09-17
EPI_ISL_16003440,2022-09-17
EPI_ISL_16003441,2022-09-17
EPI_ISL_16003442,2022-09-17
EPI_ISL_15807270,2022-09-17
EPI_ISL_15807509,2022-09-17
EPI_ISL_20428644,2022-09-17
EPI_ISL_15907662,2022-09-17
EPI_ISL_15907661,2022-09-17
EPI_ISL_16465179,2022-09-17
EPI_ISL_15714965,2022-09-17
EPI_ISL_16311696,2022-09-17
EPI_ISL_19752091,2022-09-17
EPI_ISL_17297338,2022-09-17
EPI_ISL_17395344,2022-09-17
EPI_ISL_16970425,2022-09-17
EPI_ISL_15928256,2022-09-18
EPI_ISL_15929627,2022-09-18
EPI_ISL_15210584,2022-09-18
EPI_ISL_15210585,2022-09-18
EPI_ISL_19898794,2022-09-18
EPI_ISL_16854277,2022-09-18
EPI_ISL_16854278,2022-09-18
EPI_ISL_15641727,2022-09-18
EPI_ISL_15740998,2022-09-18
EPI_ISL_15741000,2022-09-18
EPI_ISL_15740970,2022-09-18
EPI_ISL_16199708,2022-09-18
EPI_ISL_15714966,2022-09-18
EPI_ISL_16830241,2022-09-18
EPI_ISL_16830244,2022-09-18
EPI_ISL_17719214,2022-09-18
EPI_ISL_17719208,2022-09-18
EPI_ISL_17719207,2022-09-18
EPI_ISL_17719230,2022-09-18
EPI_ISL_15785833,2022-09-18
EPI_ISL_15689349,2022-09-18
EPI_ISL_16837138,2022-09-18
EPI_ISL_16837143,2022-09-18
EPI_ISL_16837163,2022-09-18
EPI_ISL_16837168,2022-09-18
EPI_ISL_16837232,2022-09-18
EPI_ISL_16479577,2022-09-18
EPI_ISL_16479576,2022-09-18
EPI_ISL_16613658,2022-09-19
EPI_ISL_16157549,2022-09-19
EPI_ISL_15928381,2022-09-19
EPI_ISL_15928362,2022-09-19
EPI_ISL_18681281,2022-09-19
EPI_ISL_15929491,2022-09-19
EPI_ISL_15929622,2022-09-19
EPI_ISL_16717065,2022-09-19
EPI_ISL_15210586,2022-09-19
EPI_ISL_19898888,2022-09-19
EPI_ISL_15215328,2022-09-19
EPI_ISL_15641722,2022-09-19
EPI_ISL_15641720,2022-09-19
EPI_ISL_15641721,2022-09-19
EPI_ISL_15641719,2022-09-19
EPI_ISL_15969709,2022-09-19
EPI_ISL_18789176,2022-09-19
EPI_ISL_18788972,2022-09-19
EPI_ISL_18788960,2022-09-19
EPI_ISL_15447205,2022-09-19
EPI_ISL_15807501,2022-09-19
EPI_ISL_15807500,2022-09-19
EPI_ISL_15807503,2022-09-19
EPI_ISL_15807502,2022-09-19
EPI_ISL_20428647,2022-09-19
EPI_ISL_20428646,2022-09-19
EPI_ISL_16201360,2022-09-19
EPI_ISL_16825349,2022-09-19
EPI_ISL_15646633,2022-09-19
EPI_ISL_18005728,2022-09-19
EPI_ISL_15646893,2022-09-19
EPI_ISL_15647045,2022-09-19
EPI_ISL_16401581,2022-09-19
EPI_ISL_18728178,2022-09-19
EPI_ISL_16631970,2022-09-19
EPI_ISL_15683248,2022-09-19
EPI_ISL_19191157,2022-09-19
EPI_ISL_16833752,2022-09-19
EPI_ISL_17719212,2022-09-19
EPI_ISL_17719213,2022-09-19
EPI_ISL_15785839,2022-09-19
EPI_ISL_16311713,2022-09-19
EPI_ISL_15656896,2022-09-19
EPI_ISL_16837124,2022-09-19
EPI_ISL_16837127,2022-09-19
EPI_ISL_16837151,2022-09-19
EPI_ISL_16608848,2022-09-19
EPI_ISL_16970372,2022-09-19
EPI_ISL_16970423,2022-09-19
EPI_ISL_19790307,2022-09-19
EPI_ISL_15303294,2022-09-20
EPI_ISL_18810139,2022-09-20
EPI_ISL_18810134,2022-09-20
EPI_ISL_18810132,2022-09-20
EPI_ISL_16093943,2022-09-20
EPI_ISL_16749907,2022-09-20
EPI_ISL_16749906,2022-09-20
EPI_ISL_15210628,2022-09-20
EPI_ISL_15210629,2022-09-20
EPI_ISL_15210600,2022-09-20
EPI_ISL_15210594,2022-09-20
EPI_ISL_15210598,2022-09-20
EPI_ISL_15210609,2022-09-20
EPI_ISL_15210610,2022-09-20
EPI_ISL_15210612,2022-09-20
EPI_ISL_15210613,2022-09-20
EPI_ISL_15210614,2022-09-20
EPI_ISL_15210615,2022-09-20
EPI_ISL_15210587,2022-09-20
EPI_ISL_15210588,2022-09-20
EPI_ISL_15210589,2022-09-20
EPI_ISL_16750989,2022-09-20
EPI_ISL_19898795,2022-09-20
EPI_ISL_19898889,2022-09-20
EPI_ISL_17638514,2022-09-20
EPI_ISL_17049164,2022-09-20
EPI_ISL_16198129,2022-09-20
EPI_ISL_18786521,2022-09-20
EPI_ISL_18786519,2022-09-20
EPI_ISL_16854279,2022-09-20
EPI_ISL_16755880,2022-09-20
EPI_ISL_15641723,2022-09-20
EPI_ISL_15969723,2022-09-20
EPI_ISL_15740757,2022-09-20
EPI_ISL_15741002,2022-09-20
EPI_ISL_16199724,2022-09-20
EPI_ISL_18723033,2022-09-20
EPI_ISL_18723031,2022-09-20
