name,date
EPI_ISL_366555,2019-03-12
EPI_ISL_366573,2019-03-12
EPI_ISL_366607,2019-03-12
EPI_ISL_366603,2019-03-12
EPI_ISL_366602,2019-03-12
EPI_ISL_366609,2019-03-12
EPI_ISL_366610,2019-03-12
EPI_ISL_366917,2019-03-12
EPI_ISL_366915,2019-03-12
EPI_ISL_366924,2019-03-12
EPI_ISL_366945,2019-03-12
EPI_ISL_366944,2019-03-12
EPI_ISL_367049,2019-03-12
EPI_ISL_4069936,2019-03-12
EPI_ISL_368184,2019-03-12
EPI_ISL_20488611,2019-03-12
EPI_ISL_20488643,2019-03-12
EPI_ISL_20389978,2019-03-12
EPI_ISL_369123,2019-03-12
EPI_ISL_20488760,2019-03-12
EPI_ISL_20488749,2019-03-12
EPI_ISL_20488876,2019-03-12
EPI_ISL_20390647,2019-03-12
EPI_ISL_20488955,2019-03-12
EPI_ISL_18981571,2019-03-12
EPI_ISL_18981570,2019-03-12
EPI_ISL_501933,2019-03-12
EPI_ISL_501932,2019-03-12
EPI_ISL_20492146,2019-03-12
EPI_ISL_20492109,2019-03-12
EPI_ISL_20492096,2019-03-12
EPI_ISL_20492257,2019-03-12
EPI_ISL_18624094,2019-03-12
EPI_ISL_372593,2019-03-12
EPI_ISL_18624101,2019-03-12
EPI_ISL_372607,2019-03-12
EPI_ISL_372606,2019-03-12
EPI_ISL_372629,2019-03-12
EPI_ISL_372696,2019-03-12
EPI_ISL_372740,2019-03-12
EPI_ISL_20492298,2019-03-12
EPI_ISL_505768,2019-03-12
EPI_ISL_18988812,2019-03-12
EPI_ISL_377297,2019-03-12
EPI_ISL_377489,2019-03-12
EPI_ISL_377844,2019-03-12
EPI_ISL_378093,2019-03-12
EPI_ISL_380823,2019-03-12
EPI_ISL_380837,2019-03-12
EPI_ISL_380839,2019-03-12
EPI_ISL_380851,2019-03-12
EPI_ISL_380901,2019-03-12
EPI_ISL_380908,2019-03-12
EPI_ISL_349885,2019-03-12
EPI_ISL_349891,2019-03-12
EPI_ISL_349974,2019-03-12
EPI_ISL_19028929,2019-03-12
EPI_ISL_351328,2019-03-12
EPI_ISL_351330,2019-03-12
EPI_ISL_351424,2019-03-12
EPI_ISL_351949,2019-03-12
EPI_ISL_351947,2019-03-12
EPI_ISL_351960,2019-03-12
EPI_ISL_351962,2019-03-12
EPI_ISL_351971,2019-03-12
EPI_ISL_351994,2019-03-12
EPI_ISL_352056,2019-03-12
EPI_ISL_417893,2019-03-12
EPI_ISL_353493,2019-03-12
EPI_ISL_353494,2019-03-12
EPI_ISL_353547,2019-03-12
EPI_ISL_353975,2019-03-12
EPI_ISL_354023,2019-03-12
EPI_ISL_354022,2019-03-12
EPI_ISL_354154,2019-03-12
EPI_ISL_354230,2019-03-12
EPI_ISL_354224,2019-03-12
EPI_ISL_387388,2019-03-12
EPI_ISL_387432,2019-03-12
EPI_ISL_387445,2019-03-12
EPI_ISL_354718,2019-03-12
EPI_ISL_354725,2019-03-12
EPI_ISL_355039,2019-03-12
EPI_ISL_355038,2019-03-12
EPI_ISL_355594,2019-03-12
EPI_ISL_355613,2019-03-12
EPI_ISL_388684,2019-03-12
EPI_ISL_356598,2019-03-12
EPI_ISL_356642,2019-03-12
EPI_ISL_356671,2019-03-12
EPI_ISL_356673,2019-03-12
EPI_ISL_356681,2019-03-12
EPI_ISL_356683,2019-03-12
EPI_ISL_356682,2019-03-12
EPI_ISL_357147,2019-03-12
EPI_ISL_357810,2019-03-12
EPI_ISL_359272,2019-03-12
EPI_ISL_359429,2019-03-12
EPI_ISL_359428,2019-03-12
EPI_ISL_359431,2019-03-12
EPI_ISL_359430,2019-03-12
EPI_ISL_359427,2019-03-12
EPI_ISL_359635,2019-03-12
EPI_ISL_359726,2019-03-12
EPI_ISL_359720,2019-03-12
EPI_ISL_359903,2019-03-12
EPI_ISL_359909,2019-03-12
EPI_ISL_359908,2019-03-12
EPI_ISL_359910,2019-03-12
EPI_ISL_359905,2019-03-12
EPI_ISL_359904,2019-03-12
EPI_ISL_359907,2019-03-12
EPI_ISL_359906,2019-03-12
EPI_ISL_360135,2019-03-12
EPI_ISL_360134,2019-03-12
EPI_ISL_360143,2019-03-12
EPI_ISL_360142,2019-03-12
EPI_ISL_360137,2019-03-12
EPI_ISL_360138,2019-03-12
EPI_ISL_360149,2019-03-12
EPI_ISL_360151,2019-03-12
EPI_ISL_360150,2019-03-12
EPI_ISL_360144,2019-03-12
EPI_ISL_360153,2019-03-12
EPI_ISL_360154,2019-03-12
EPI_ISL_393582,2019-03-13
EPI_ISL_393999,2019-03-13
EPI_ISL_394000,2019-03-13
EPI_ISL_19596714,2019-03-13
EPI_ISL_19596734,2019-03-13
EPI_ISL_19596786,2019-03-13
EPI_ISL_394662,2019-03-13
EPI_ISL_394667,2019-03-13
EPI_ISL_394664,2019-03-13
EPI_ISL_394665,2019-03-13
EPI_ISL_394755,2019-03-13
EPI_ISL_19597088,2019-03-13
EPI_ISL_19597092,2019-03-13
EPI_ISL_19597114,2019-03-13
EPI_ISL_19597113,2019-03-13
EPI_ISL_19597105,2019-03-13
EPI_ISL_19597067,2019-03-13
EPI_ISL_394788,2019-03-13
EPI_ISL_19597087,2019-03-13
EPI_ISL_19597175,2019-03-13
EPI_ISL_394848,2019-03-13
EPI_ISL_362153,2019-03-13
EPI_ISL_362212,2019-03-13
EPI_ISL_362229,2019-03-13
EPI_ISL_19596824,2019-03-13
EPI_ISL_19596830,2019-03-13
EPI_ISL_362369,2019-03-13
EPI_ISL_362381,2019-03-13
EPI_ISL_19596955,2019-03-13
EPI_ISL_19597055,2019-03-13
EPI_ISL_362551,2019-03-13
EPI_ISL_362623,2019-03-13
EPI_ISL_363442,2019-03-13
EPI_ISL_363936,2019-03-13
EPI_ISL_364001,2019-03-13
EPI_ISL_364003,2019-03-13
EPI_ISL_364016,2019-03-13
EPI_ISL_364364,2019-03-13
EPI_ISL_364360,2019-03-13
EPI_ISL_365517,2019-03-13
EPI_ISL_18651021,2019-03-13
EPI_ISL_18651022,2019-03-13
EPI_ISL_366561,2019-03-13
EPI_ISL_366560,2019-03-13
EPI_ISL_366595,2019-03-13
EPI_ISL_366594,2019-03-13
EPI_ISL_366605,2019-03-13
EPI_ISL_366910,2019-03-13
EPI_ISL_366905,2019-03-13
EPI_ISL_366914,2019-03-13
EPI_ISL_366950,2019-03-13
EPI_ISL_367753,2019-03-13
EPI_ISL_367765,2019-03-13
EPI_ISL_367776,2019-03-13
EPI_ISL_20488638,2019-03-13
EPI_ISL_20488627,2019-03-13
EPI_ISL_20488609,2019-03-13
EPI_ISL_20488612,2019-03-13
EPI_ISL_369039,2019-03-13
EPI_ISL_369119,2019-03-13
EPI_ISL_20488790,2019-03-13
EPI_ISL_20488791,2019-03-13
EPI_ISL_20488777,2019-03-13
EPI_ISL_20390644,2019-03-13
EPI_ISL_501934,2019-03-13
EPI_ISL_501991,2019-03-13
EPI_ISL_501990,2019-03-13
EPI_ISL_501993,2019-03-13
EPI_ISL_501992,2019-03-13
EPI_ISL_502013,2019-03-13
EPI_ISL_502032,2019-03-13
EPI_ISL_20492086,2019-03-13
EPI_ISL_20492036,2019-03-13
EPI_ISL_20492266,2019-03-13
EPI_ISL_20492247,2019-03-13
EPI_ISL_372600,2019-03-13
EPI_ISL_372621,2019-03-13
EPI_ISL_20492025,2019-03-13
EPI_ISL_372736,2019-03-13
EPI_ISL_372766,2019-03-13
EPI_ISL_372763,2019-03-13
EPI_ISL_377459,2019-03-13
EPI_ISL_347634,2019-03-13
EPI_ISL_380769,2019-03-13
EPI_ISL_380871,2019-03-13
EPI_ISL_380882,2019-03-13
EPI_ISL_380903,2019-03-13
EPI_ISL_380896,2019-03-13
EPI_ISL_349887,2019-03-13
EPI_ISL_349959,2019-03-13
EPI_ISL_350548,2019-03-13
EPI_ISL_350723,2019-03-13
EPI_ISL_19028926,2019-03-13
EPI_ISL_19028936,2019-03-13
EPI_ISL_351335,2019-03-13
EPI_ISL_351969,2019-03-13
EPI_ISL_351980,2019-03-13
EPI_ISL_351983,2019-03-13
EPI_ISL_351979,2019-03-13
EPI_ISL_352071,2019-03-13
EPI_ISL_353506,2019-03-13
EPI_ISL_353553,2019-03-13
EPI_ISL_354131,2019-03-13
EPI_ISL_354172,2019-03-13
EPI_ISL_387426,2019-03-13
EPI_ISL_387446,2019-03-13
EPI_ISL_387514,2019-03-13
EPI_ISL_355597,2019-03-13
EPI_ISL_355605,2019-03-13
EPI_ISL_356529,2019-03-13
EPI_ISL_356604,2019-03-13
EPI_ISL_356603,2019-03-13
EPI_ISL_356648,2019-03-13
EPI_ISL_356676,2019-03-13
EPI_ISL_356678,2019-03-13
EPI_ISL_389461,2019-03-13
EPI_ISL_357148,2019-03-13
EPI_ISL_390028,2019-03-13
EPI_ISL_357749,2019-03-13
EPI_ISL_357744,2019-03-13
EPI_ISL_357892,2019-03-13
EPI_ISL_390914,2019-03-13
EPI_ISL_391111,2019-03-13
EPI_ISL_359288,2019-03-13
EPI_ISL_359433,2019-03-13
EPI_ISL_359432,2019-03-13
EPI_ISL_359435,2019-03-13
EPI_ISL_359434,2019-03-13
EPI_ISL_359631,2019-03-13
EPI_ISL_359637,2019-03-13
EPI_ISL_359639,2019-03-13
EPI_ISL_359633,2019-03-13
EPI_ISL_359644,2019-03-13
EPI_ISL_359647,2019-03-13
EPI_ISL_359646,2019-03-13
EPI_ISL_359642,2019-03-13
EPI_ISL_359648,2019-03-13
EPI_ISL_359650,2019-03-13
EPI_ISL_359718,2019-03-13
EPI_ISL_359911,2019-03-13
EPI_ISL_359913,2019-03-13
EPI_ISL_359912,2019-03-13
EPI_ISL_359914,2019-03-13
EPI_ISL_360060,2019-03-13
EPI_ISL_360069,2019-03-13
EPI_ISL_360065,2019-03-13
EPI_ISL_360067,2019-03-13
EPI_ISL_360085,2019-03-13
EPI_ISL_360087,2019-03-13
EPI_ISL_360081,2019-03-13
EPI_ISL_360083,2019-03-13
EPI_ISL_360089,2019-03-13
EPI_ISL_360091,2019-03-13
EPI_ISL_360099,2019-03-13
EPI_ISL_360141,2019-03-13
EPI_ISL_360152,2019-03-13
EPI_ISL_360155,2019-03-13
EPI_ISL_393581,2019-03-14
EPI_ISL_394039,2019-03-14
EPI_ISL_19596725,2019-03-14
EPI_ISL_19596742,2019-03-14
EPI_ISL_394668,2019-03-14
EPI_ISL_394666,2019-03-14
EPI_ISL_394809,2019-03-14
EPI_ISL_19597159,2019-03-14
EPI_ISL_362245,2019-03-14
EPI_ISL_19596887,2019-03-14
EPI_ISL_362371,2019-03-14
EPI_ISL_19596941,2019-03-14
EPI_ISL_19596953,2019-03-14
EPI_ISL_19596957,2019-03-14
EPI_ISL_362430,2019-03-14
EPI_ISL_362610,2019-03-14
EPI_ISL_363106,2019-03-14
EPI_ISL_363931,2019-03-14
EPI_ISL_364329,2019-03-14
EPI_ISL_365518,2019-03-14
EPI_ISL_366572,2019-03-14
EPI_ISL_366574,2019-03-14
EPI_ISL_366569,2019-03-14
EPI_ISL_366571,2019-03-14
EPI_ISL_366570,2019-03-14
EPI_ISL_366916,2019-03-14
EPI_ISL_367042,2019-03-14
EPI_ISL_367051,2019-03-14
EPI_ISL_367767,2019-03-14
EPI_ISL_367766,2019-03-14
EPI_ISL_367781,2019-03-14
EPI_ISL_368169,2019-03-14
EPI_ISL_368268,2019-03-14
EPI_ISL_368810,2019-03-14
EPI_ISL_368821,2019-03-14
EPI_ISL_368820,2019-03-14
EPI_ISL_368997,2019-03-14
EPI_ISL_368998,2019-03-14
EPI_ISL_369000,2019-03-14
EPI_ISL_20488816,2019-03-14
EPI_ISL_20488958,2019-03-14
EPI_ISL_20390652,2019-03-14
EPI_ISL_501959,2019-03-14
EPI_ISL_20492091,2019-03-14
EPI_ISL_20492080,2019-03-14
EPI_ISL_20492040,2019-03-14
EPI_ISL_20492045,2019-03-14
EPI_ISL_20492034,2019-03-14
EPI_ISL_20492133,2019-03-14
EPI_ISL_20492127,2019-03-14
EPI_ISL_20492205,2019-03-14
EPI_ISL_20492199,2019-03-14
EPI_ISL_20492176,2019-03-14
EPI_ISL_20492161,2019-03-14
EPI_ISL_20492163,2019-03-14
EPI_ISL_20492237,2019-03-14
EPI_ISL_503575,2019-03-14
EPI_ISL_503574,2019-03-14
EPI_ISL_503576,2019-03-14
EPI_ISL_372570,2019-03-14
EPI_ISL_18624097,2019-03-14
EPI_ISL_18624099,2019-03-14
EPI_ISL_372671,2019-03-14
EPI_ISL_20492018,2019-03-14
EPI_ISL_20492022,2019-03-14
EPI_ISL_20492010,2019-03-14
EPI_ISL_372749,2019-03-14
EPI_ISL_372764,2019-03-14
EPI_ISL_372781,2019-03-14
EPI_ISL_372780,2019-03-14
EPI_ISL_372779,2019-03-14
EPI_ISL_20492351,2019-03-14
EPI_ISL_20492371,2019-03-14
EPI_ISL_405945,2019-03-14
EPI_ISL_505745,2019-03-14
EPI_ISL_377298,2019-03-14
EPI_ISL_377663,2019-03-14
EPI_ISL_377845,2019-03-14
EPI_ISL_378029,2019-03-14
EPI_ISL_347636,2019-03-14
EPI_ISL_380771,2019-03-14
EPI_ISL_380852,2019-03-14
EPI_ISL_380892,2019-03-14
EPI_ISL_380906,2019-03-14
EPI_ISL_349450,2019-03-14
EPI_ISL_349892,2019-03-14
EPI_ISL_349910,2019-03-14
EPI_ISL_349954,2019-03-14
EPI_ISL_513978,2019-03-14
EPI_ISL_350550,2019-03-14
EPI_ISL_350657,2019-03-14
EPI_ISL_350676,2019-03-14
EPI_ISL_350709,2019-03-14
EPI_ISL_19028974,2019-03-14
EPI_ISL_19028932,2019-03-14
EPI_ISL_351426,2019-03-14
EPI_ISL_351938,2019-03-14
EPI_ISL_352016,2019-03-14
EPI_ISL_353491,2019-03-14
EPI_ISL_353804,2019-03-14
EPI_ISL_353961,2019-03-14
EPI_ISL_354018,2019-03-14
EPI_ISL_354128,2019-03-14
EPI_ISL_354162,2019-03-14
EPI_ISL_354234,2019-03-14
EPI_ISL_354245,2019-03-14
EPI_ISL_387447,2019-03-14
EPI_ISL_355533,2019-03-14
EPI_ISL_355532,2019-03-14
EPI_ISL_355717,2019-03-14
EPI_ISL_388685,2019-03-14
EPI_ISL_388772,2019-03-14
EPI_ISL_356542,2019-03-14
EPI_ISL_356623,2019-03-14
EPI_ISL_356644,2019-03-14
EPI_ISL_356641,2019-03-14
EPI_ISL_356672,2019-03-14
EPI_ISL_356675,2019-03-14
